0 4356
1 8494
2 8806
3 8727
4 8842
5 8847
6 8531
7 8575
8 8637
9 8750
10 8497
11 8463
12 8847
13 8757
14 8951
15 8681
16 8471
17 8765
18 8610
19 8826
20 8674
21 9176
22 8703
23 8716
24 8735
25 8721
26 8740
27 8868
28 8528
29 8687
30 8353
31 8172
32 8560
33 8579
34 8392
35 8385
36 8432
37 8636
38 8452
39 8428
40 8008
41 8395
42 8172
43 8417
44 8391
45 8273
46 8043
47 8114
48 8005
49 8147
50 7880
51 7960
52 7866
53 8156
54 8083
55 8027
56 8021
57 8077
58 8021
59 8127
60 7955
61 8316
62 8166
63 7977
64 3214
65 7295
66 7764
67 7644
68 8067
69 7684
70 8013
71 7823
72 7874
73 8038
74 7980
75 8034
76 7921
77 8059
78 8243
79 7977
80 8158
81 8090
82 7963
83 8127
84 8163
85 8208
86 8311
87 8392
88 8095
89 8450
90 8397
91 8482
92 8250
93 8388
94 8626
95 8196
96 8460
97 8307
98 8129
99 8479
100 8366
101 8309
102 8369
103 8193
104 8558
105 8565
106 8617
107 8543
108 8405
109 8432
110 8513
111 7901
112 8561
113 8414
114 8408
115 8209
116 8314
117 8257
118 8588
119 8265
120 8581
121 8452
122 8700
123 8696
124 8846
125 8651
126 8721
127 8367
128 3516
129 7663
130 7816
131 7840
132 8254
133 8499
134 8377
135 8181
136 8326
137 8116
138 8547
139 8488
140 8178
141 8141
142 8283
143 8374
144 8198
145 8582
146 8281
147 8590
148 8601
149 8404
150 8284
151 8503
152 8543
153 8698
154 8524
155 8598
156 8490
157 8471
158 8746
159 8269
160 8442
161 8581
162 8301
163 8503
164 8497
165 8342
166 8641
167 8477
168 8281
169 8696
170 8653
171 8442
172 8471
173 8706
174 8593
175 8653
176 8551
177 8505
178 8628
179 8567
180 8331
181 9186
182 8733
183 8700
184 8418
185 8661
186 8492
187 8658
188 8509
189 8477
190 8410
191 8138
192 3862
193 1166
194 8686
195 8621
196 8603
197 8393
198 8388
199 8201
200 8411
201 8483
202 8373
203 8689
204 8894
205 8605
206 8383
207 8559
208 8440
209 8734
210 8894
211 8513
212 8651
213 8612
214 8861
215 8355
216 8597
217 8608
218 9016
219 8862
220 8705
221 8624
222 9004
223 8462
224 8807
225 8805
226 8671
227 8697
228 8754
229 8975
230 8705
231 8556
232 8743
233 9047
234 8661
235 8949
236 8815
237 8580
238 8751
239 8705
240 8618
241 8604
242 8821
243 8763
244 8580
245 8682
246 8522
247 8564
248 9010
249 8713
250 8808
251 8755
252 8826
253 8999
254 8912
255 8431
256 3344
257 4758
258 8037
259 8066
260 7949
261 7969
262 8066
263 7906
264 7983
265 8198
266 8242
267 8077
268 8205
269 7979
270 8251
271 8231
272 8059
273 8237
274 8474
275 8210
276 8199
277 8275
278 8106
279 8164
280 8128
281 8461
282 8099
283 8404
284 8099
285 8112
286 8471
287 8189
288 8349
289 8236
290 8145
291 8223
292 8415
293 8645
294 8413
295 8262
296 8238
297 8193
298 8360
299 8255
300 8399
301 8195
302 8419
303 8240
304 8128
305 8469
306 8322
307 8464
308 8301
309 8494
310 8468
311 8658
312 8444
313 8602
314 8593
315 8436
316 8722
317 8433
318 8587
319 8555
320 3867
321 4510
322 4422
323 4799
324 4455
325 4733
326 4544
327 4594
328 4737
329 4943
330 4617
331 4655
332 4796
333 4702
334 4652
335 4618
336 4656
337 4781
338 4844
339 4595
340 4335
341 4905
342 4517
343 4686
344 4593
345 4871
346 4724
347 4841
348 4866
349 5001
350 4433
351 4854
352 4488
353 4718
354 4692
355 4773
356 4752
357 5040
358 4977
359 4627
360 4387
361 4690
362 4521
363 4700
364 4884
365 4813
366 4586
367 4982
368 4617
369 4630
370 4801
371 4653
372 4681
373 4871
374 4665
375 4438
376 4475
377 4756
378 4472
379 4427
380 4437
381 4532
382 4762
383 4722
384 3182
385 3830
386 4126
387 4581
388 4670
389 4581
390 4486
391 4601
392 4358
393 4496
394 4368
395 4537
396 4435
397 4592
398 4428
399 4479
400 4216
401 4607
402 4553
403 4381
404 4656
405 4784
406 4724
407 4541
408 4664
409 4585
410 4618
411 4452
412 4394
413 4420
414 4841
415 4488
416 4629
417 4488
418 4729
419 4543
420 4538
421 4740
422 4687
423 4505
424 4803
425 4446
426 4604
427 4723
428 4679
429 4535
430 4526
431 4465
432 4591
433 4360
434 4322
435 4601
436 4650
437 4367
438 4408
439 4466
440 4429
441 4536
442 4474
443 4596
444 4395
445 4493
446 4468
447 4176
448 3067
449 4155
450 4315
451 4665
452 4406
453 4318
454 4633
455 4511
456 4229
457 4624
458 4647
459 4627
460 4174
461 4513
462 4438
463 4142
464 4515
465 4633
466 4384
467 4500
468 4653
469 4414
470 4722
471 4492
472 4409
473 4398
474 4448
475 4553
476 4280
477 4562
478 4526
479 4658
480 4120
481 4570
482 4402
483 4656
484 4447
485 4635
486 4570
487 4186
488 4554
489 4621
490 4817
491 5014
492 4600
493 4752
494 4833
495 4420
496 4603
497 4878
498 4744
499 4642
500 4894
501 4692
502 4911
503 4592
504 4834
505 4586
506 5021
507 4603
508 4842
509 4976
510 4915
511 4697
512 3460
513 4096
514 4609
515 4805
516 4546
517 4315
518 4579
519 4419
520 4756
521 4945
522 4524
523 4632
524 4601
525 4630
526 4769
527 4437
528 4622
529 4438
530 4754
531 4282
532 4642
533 4475
534 4450
535 4578
536 4547
537 4783
538 4799
539 4950
540 4430
541 4573
542 4427
543 4503
544 4618
545 4865
546 4897
547 4476
548 4836
549 4731
550 4657
551 4535
552 4429
553 4979
554 4516
555 4742
556 4654
557 4666
558 4557
559 4665
560 4745
561 4449
562 4961
563 4630
564 4675
565 4423
566 4408
567 4704
568 4466
569 4401
570 4594
571 4580
572 4169
573 4406
574 4515
575 4283
576 2938
577 3987
578 4358
579 4261
580 4097
581 4237
582 4056
583 4455
584 4020
585 4259
586 4501
587 4297
588 4148
589 4343
590 4261
591 4360
592 4062
593 4460
594 4248
595 4418
596 4184
597 4468
598 4633
599 4129
600 3936
601 4302
602 4422
603 4258
604 4420
605 4142
606 4251
607 4342
608 4416
609 4213
610 4316
611 4328
612 4270
613 4357
614 4287
615 4225
616 4209
617 4251
618 4322
619 4184
620 4332
621 4328
622 4239
623 4254
624 4225
625 4337
626 4571
627 4381
628 4363
629 4313
630 4267
631 4315
632 3586
633 4108
634 4183
635 3971
636 4059
637 4191
638 4300
639 4122
640 3539
641 3243
642 2991
643 2829
644 3182
645 2875
646 2996
647 3194
648 2962
649 2967
650 2966
651 2805
652 3263
653 3030
654 2775
655 2982
656 2995
657 2740
658 2988
659 2943
660 2732
661 3105
662 2989
663 3160
664 2759
665 3049
666 3036
667 2866
668 2970
669 2837
670 3113
671 3010
672 2864
673 2778
674 2749
675 2831
676 2809
677 3080
678 2980
679 2804
680 2928
681 2992
682 3047
683 3246
684 2928
685 2864
686 3403
687 3286
688 3319
689 3183
690 2637
691 3059
692 3228
693 3222
694 3021
695 3035
696 3030
697 3235
698 3226
699 3088
700 3404
701 2908
702 3479
703 3629
704 4224
705 3538
706 3875
707 3614
708 3728
709 3250
710 3734
711 3702
712 3671
713 3537
714 3384
715 3437
716 3224
717 3406
718 3153
719 3318
720 3337
721 3158
722 3140
723 3145
724 3118
725 3156
726 3180
727 3434
728 3236
729 3164
730 3289
731 3136
732 3195
733 3210
734 3153
735 3202
736 3147
737 3160
738 3125
739 3225
740 3025
741 3180
742 3089
743 3290
744 3254
745 3209
746 3331
747 3267
748 2857
749 3196
750 3141
751 3419
752 3450
753 3236
754 3426
755 3209
756 3299
757 3533
758 3180
759 3171
760 3292
761 3325
762 3310
763 3348
764 3344
765 3517
766 3085
767 3237
768 3689
769 3547
770 3351
771 3329
772 3176
773 3212
774 2990
775 3168
776 2976
777 2951
778 3159
779 3269
780 3206
781 3388
782 3118
783 3236
784 3454
785 2974
786 3023
787 2976
788 3194
789 3125
790 3194
791 3375
792 3192
793 3094
794 3069
795 3204
796 3314
797 3117
798 3252
799 3130
800 3262
801 3114
802 3011
803 3132
804 3020
805 3117
806 2865
807 3167
808 3348
809 2934
810 3120
811 3110
812 2986
813 3227
814 3050
815 3169
816 3152
817 3021
818 3148
819 3098
820 2719
821 2980
822 2938
823 2979
824 2828
825 2782
826 2923
827 2990
828 2493
829 2931
830 2932
831 2956
832 4328
833 3157
834 3753
835 3554
836 3360
837 3309
838 3182
839 3401
840 3457
841 3484
842 3254
843 3183
844 3073
845 3319
846 3293
847 3423
848 3549
849 3491
850 3398
851 3320
852 3374
853 3482
854 3270
855 3681
856 3712
857 3617
858 3320
859 3586
860 3608
861 3482
862 3707
863 3303
864 3711
865 3571
866 3355
867 3476
868 3598
869 3546
870 3537
871 3660
872 3595
873 3536
874 3410
875 3663
876 3624
877 3470
878 3161
879 3457
880 3825
881 3570
882 3490
883 3372
884 3302
885 3237
886 3484
887 3564
888 3471
889 3473
890 3359
891 3350
892 3199
893 3391
894 3772
895 3312
896 3614
897 3015
898 3011
899 2896
900 2968
901 3129
902 2878
903 3057
904 3186
905 3047
906 2698
907 2954
908 2698
909 2785
910 2446
911 3025
912 2970
913 3024
914 2658
915 2672
916 2893
917 2984
918 2878
919 3332
920 2730
921 3178
922 2798
923 2586
924 2996
925 2806
926 2841
927 2741
928 3001
929 2794
930 2764
931 2878
932 2600
933 2653
934 2862
935 2856
936 2978
937 2916
938 2985
939 3016
940 2945
941 3073
942 3049
943 3207
944 3098
945 2940
946 3359
947 3196
948 3104
949 3187
950 3029
951 3435
952 3150
953 3285
954 3016
955 3083
956 3142
957 3556
958 3232
959 3555
960 3620
961 3165
962 3114
963 2847
964 2736
965 2566
966 2947
967 3101
968 3021
969 2910
970 2896
971 2705
972 2670
973 2887
974 2805
975 2921
976 2907
977 2897
978 2801
979 2492
980 2817
981 2854
982 2749
983 2709
984 2711
985 2648
986 2669
987 2914
988 2634
989 2846
990 2718
991 3033
992 2781
993 2858
994 2638
995 2792
996 2850
997 2800
998 2985
999 2637
1000 2928
1001 2698
1002 2740
1003 2802
1004 3105
1005 2851
1006 2851
1007 2984
1008 2998
1009 2845
1010 2870
1011 3023
1012 3141
1013 3008
1014 2877
1015 3052
1016 3101
1017 3158
1018 2976
1019 3258
1020 3157
1021 3115
1022 3233
1023 2980
