0 3188
1 6821
2 7164
3 6975
4 6703
5 7056
6 6630
7 6606
8 6626
9 6733
10 6656
11 6422
12 6694
13 6711
14 6912
15 6468
16 6598
17 7019
18 6738
19 6610
20 6468
21 6507
22 6510
23 6818
24 6333
25 6603
26 6736
27 6574
28 6461
29 6809
30 6523
31 6248
32 6511
33 6773
34 6413
35 6670
36 6787
37 6489
38 6298
39 6271
40 6723
41 7055
42 6909
43 6503
44 6753
45 7039
46 6694
47 6778
48 6598
49 6887
50 6928
51 6624
52 6865
53 6863
54 6895
55 6714
56 6856
57 6783
58 6823
59 6761
60 6700
61 7018
62 7025
63 6800
64 2769
65 6256
66 6534
67 6260
68 6630
69 6571
70 6797
71 6711
72 6544
73 6530
74 6709
75 6909
76 6777
77 6547
78 6506
79 6404
80 6678
81 6719
82 6792
83 6789
84 6616
85 6702
86 6864
87 6635
88 6668
89 6879
90 6753
91 6516
92 7043
93 6580
94 6736
95 6756
96 6541
97 6686
98 6672
99 6934
100 6925
101 6771
102 6951
103 6848
104 6779
105 6844
106 7045
107 6735
108 6921
109 7034
110 6834
111 6809
112 7015
113 6814
114 7286
115 7007
116 6974
117 7041
118 7338
119 6978
120 7395
121 6979
122 6893
123 7171
124 7381
125 6938
126 7429
127 7116
128 2262
129 5632
130 6034
131 6589
132 5988
133 6271
134 6237
135 6217
136 6420
137 6292
138 6304
139 6408
140 6172
141 6256
142 6499
143 6381
144 6302
145 6306
146 6067
147 6484
148 6452
149 6700
150 6749
151 6792
152 6320
153 6565
154 6493
155 6452
156 6567
157 6697
158 6689
159 6681
160 6679
161 6847
162 6676
163 6834
164 6618
165 6871
166 6775
167 6773
168 6756
169 6474
170 6874
171 6753
172 6647
173 6652
174 6572
175 6853
176 6744
177 6864
178 6774
179 6768
180 6593
181 6547
182 6816
183 6600
184 6862
185 6515
186 6731
187 6537
188 6599
189 6802
190 7043
191 6357
192 2871
193 501
194 6917
195 6926
196 6991
197 7032
198 6862
199 7067
200 6826
201 6907
202 6965
203 6985
204 7082
205 7140
206 6834
207 7122
208 6930
209 7051
210 7139
211 6997
212 7200
213 7126
214 6898
215 7086
216 6938
217 7349
218 7166
219 6929
220 6879
221 6955
222 6978
223 6936
224 7006
225 6839
226 6710
227 7274
228 6833
229 7170
230 6877
231 6756
232 6910
233 7229
234 7239
235 7314
236 7192
237 7253
238 7318
239 6968
240 7178
241 7270
242 7206
243 7435
244 7279
245 6946
246 7166
247 7271
248 7262
249 7412
250 7269
251 7330
252 7631
253 7482
254 7300
255 7240
256 2710
257 3822
258 7161
259 6753
260 6384
261 6475
262 6584
263 6787
264 6679
265 6875
266 6936
267 7079
268 6984
269 6826
270 7029
271 6931
272 6886
273 6863
274 7160
275 7250
276 6815
277 6762
278 7114
279 7113
280 6924
281 7533
282 7226
283 7220
284 7244
285 7212
286 6986
287 7289
288 6994
289 6998
290 7399
291 7088
292 7194
293 7296
294 6972
295 7291
296 7127
297 6919
298 7119
299 7416
300 7454
301 7612
302 7174
303 7219
304 7323
305 7194
306 7151
307 7474
308 7321
309 7230
310 7331
311 7464
312 7364
313 7479
314 7536
315 7308
316 7151
317 7177
318 7544
319 6957
320 3786
321 4630
322 4660
323 4557
324 4694
325 4868
326 4583
327 4737
328 4587
329 4552
330 4594
331 4747
332 4590
333 4945
334 4768
335 4480
336 4495
337 4856
338 4860
339 4556
340 4819
341 4343
342 4775
343 4759
344 4535
345 4824
346 4636
347 4780
348 4619
349 4535
350 4613
351 4534
352 4691
353 4714
354 4733
355 4836
356 4741
357 4609
358 4651
359 4507
360 4976
361 4474
362 4870
363 4958
364 4930
365 4796
366 4698
367 4801
368 4710
369 4918
370 4992
371 4966
372 5053
373 4817
374 4859
375 4775
376 4710
377 4831
378 4786
379 4837
380 4864
381 4912
382 4810
383 4406
384 3043
385 3822
386 4522
387 4237
388 4504
389 4586
390 4376
391 4411
392 4221
393 4527
394 4474
395 4480
396 4157
397 4669
398 4610
399 4747
400 4434
401 4725
402 4629
403 4874
404 4758
405 4552
406 4587
407 4725
408 4584
409 4387
410 4893
411 4875
412 4875
413 4737
414 4733
415 4711
416 4765
417 4777
418 4593
419 4617
420 4660
421 5032
422 4711
423 4780
424 4864
425 5128
426 5084
427 4866
428 5082
429 4923
430 4973
431 4621
432 5050
433 4941
434 5086
435 4860
436 4766
437 4884
438 5105
439 4576
440 4898
441 5056
442 4928
443 5082
444 5085
445 4578
446 5092
447 4624
448 3493
449 4274
450 4404
451 4567
452 4397
453 4747
454 4822
455 4903
456 4782
457 4955
458 4935
459 4858
460 4920
461 4867
462 4819
463 4730
464 4577
465 4839
466 4888
467 4668
468 4806
469 4734
470 4763
471 4607
472 4458
473 4834
474 4588
475 4686
476 4848
477 4760
478 4621
479 4749
480 4689
481 4513
482 4516
483 4790
484 4733
485 4624
486 4768
487 4707
488 4643
489 4576
490 4874
491 4617
492 4412
493 4671
494 4598
495 4605
496 4487
497 4606
498 4486
499 4505
500 4660
501 4471
502 4396
503 4663
504 4197
505 4659
506 4203
507 4519
508 4090
509 4518
510 4172
511 4194
512 3193
513 4269
514 4848
515 4658
516 4673
517 4860
518 4608
519 4897
520 4327
521 4686
522 4966
523 4798
524 4522
525 4868
526 4493
527 5074
528 4531
529 4574
530 4559
531 4659
532 4908
533 4676
534 4658
535 4331
536 4765
537 4617
538 4631
539 4575
540 4680
541 4711
542 4681
543 4623
544 4358
545 4727
546 4546
547 4751
548 4575
549 4809
550 4631
551 4755
552 4490
553 4729
554 4641
555 5062
556 4157
557 4647
558 4585
559 4501
560 4354
561 4841
562 4723
563 4690
564 4707
565 4835
566 4573
567 4505
568 4550
569 4576
570 4521
571 4656
572 4454
573 4570
574 4682
575 4666
576 3122
577 4739
578 4387
579 4453
580 4294
581 4230
582 4522
583 4281
584 4468
585 4456
586 4644
587 4541
588 4483
589 4539
590 4384
591 4427
592 4487
593 4633
594 4320
595 4256
596 4384
597 4421
598 4437
599 4748
600 4485
601 4266
602 4103
603 4194
604 4152
605 4044
606 4371
607 3835
608 4373
609 4247
610 4257
611 4258
612 4493
613 4290
614 4320
615 4396
616 4190
617 4455
618 4162
619 4445
620 4245
621 4096
622 4247
623 4285
624 4417
625 4414
626 4631
627 4429
628 4305
629 4421
630 4073
631 4238
632 4170
633 4112
634 4403
635 4009
636 4470
637 4284
638 4223
639 4332
640 3505
641 3174
642 3294
643 3165
644 3166
645 3290
646 3361
647 3356
648 3254
649 3694
650 3347
651 3218
652 3325
653 3439
654 3555
655 3571
656 3230
657 3466
658 3493
659 3157
660 3449
661 3112
662 3635
663 3588
664 3269
665 3498
666 3579
667 3572
668 3477
669 3482
670 3745
671 3466
672 3482
673 3189
674 3463
675 3638
676 3544
677 3469
678 3431
679 3675
680 3261
681 3386
682 3554
683 3225
684 3266
685 3467
686 3428
687 3612
688 3406
689 3511
690 3171
691 3482
692 3333
693 3355
694 3340
695 3257
696 3365
697 3353
698 3116
699 3179
700 3146
701 3204
702 3497
703 3137
704 3726
705 3171
706 3278
707 3207
708 3076
709 3244
710 2820
711 3314
712 3271
713 3209
714 2872
715 3261
716 3014
717 3053
718 3186
719 3181
720 3378
721 2906
722 3457
723 3160
724 3233
725 3176
726 3321
727 3285
728 3155
729 3260
730 3432
731 3225
732 3108
733 3228
734 3267
735 3425
736 3253
737 3273
738 3211
739 3291
740 3209
741 3090
742 3244
743 3305
744 3371
745 3359
746 3172
747 3439
748 3107
749 3791
750 3646
751 3443
752 3450
753 3584
754 3757
755 3534
756 3649
757 3531
758 3603
759 3644
760 3664
761 3758
762 3747
763 3492
764 3566
765 3508
766 3700
767 3419
768 3802
769 3811
770 3890
771 3628
772 3831
773 3484
774 3467
775 3606
776 3528
777 3366
778 3651
779 3187
780 3341
781 3308
782 3224
783 3373
784 3473
785 3018
786 2880
787 2868
788 3220
789 2983
790 3195
791 3210
792 3416
793 3351
794 3075
795 3209
796 3169
797 3198
798 3312
799 3092
800 3222
801 3196
802 3268
803 3318
804 3198
805 3401
806 3163
807 3322
808 3063
809 3353
810 3401
811 3223
812 3065
813 3334
814 3169
815 3314
816 3437
817 3079
818 3170
819 3293
820 3043
821 2800
822 2940
823 3155
824 3113
825 2977
826 3056
827 2996
828 3011
829 3050
830 3048
831 3153
832 4292
833 3993
834 3759
835 4002
836 3696
837 4045
838 3900
839 3653
840 3553
841 3726
842 3586
843 3691
844 3548
845 3877
846 3546
847 3787
848 3486
849 3590
850 3550
851 3725
852 3717
853 3675
854 4037
855 3698
856 3665
857 3914
858 3649
859 3450
860 3704
861 3827
862 3508
863 3634
864 3581
865 3549
866 3661
867 3587
868 3470
869 3552
870 3818
871 3953
872 3851
873 3478
874 3529
875 3688
876 3957
877 3521
878 3607
879 3600
880 3794
881 3261
882 3299
883 3425
884 3301
885 3323
886 3384
887 3431
888 3486
889 3393
890 3322
891 3232
892 3412
893 3384
894 3518
895 3510
896 4139
897 3841
898 3701
899 3798
900 3732
901 3536
902 3574
903 3689
904 3685
905 3737
906 3571
907 3752
908 3633
909 3366
910 3290
911 3468
912 3541
913 3564
914 3412
915 3262
916 3555
917 3221
918 3366
919 3509
920 3663
921 3371
922 3267
923 3207
924 3177
925 3599
926 3233
927 3589
928 3157
929 3407
930 3346
931 3178
932 3080
933 3250
934 3166
935 3349
936 3316
937 3188
938 3250
939 2947
940 3104
941 3145
942 3155
943 2822
944 3344
945 2964
946 3185
947 3142
948 3329
949 3286
950 3310
951 3306
952 3235
953 3229
954 3548
955 3203
956 3349
957 3141
958 3210
959 3535
960 3564
961 3344
962 2945
963 3193
964 2879
965 2968
966 2882
967 2990
968 2942
969 2783
970 3024
971 3221
972 2978
973 3093
974 2950
975 3098
976 3357
977 2886
978 3012
979 3313
980 3131
981 3220
982 2785
983 3467
984 3162
985 3436
986 3199
987 3292
988 3374
989 3374
990 3343
991 3626
992 3498
993 3627
994 3428
995 3355
996 3431
997 3520
998 3688
999 3788
1000 3832
1001 3314
1002 3491
1003 3790
1004 3653
1005 3314
1006 3469
1007 3582
1008 3224
1009 3608
1010 3405
1011 3489
1012 3154
1013 3526
1014 3351
1015 3507
1016 3456
1017 3291
1018 3249
1019 3470
1020 3516
1021 3457
1022 3502
1023 3253
