0 3723
1 7537
2 7628
3 7558
4 7766
5 7491
6 7730
7 7696
8 7554
9 7492
10 7424
11 7724
12 7483
13 7668
14 7547
15 7178
16 7453
17 7325
18 7736
19 7553
20 7454
21 7310
22 7242
23 6963
24 7087
25 7121
26 7234
27 7154
28 7204
29 6945
30 7009
31 7011
32 7123
33 6979
34 7077
35 6781
36 6985
37 6734
38 6960
39 7205
40 6471
41 6789
42 6680
43 6469
44 6903
45 6865
46 6867
47 6649
48 6612
49 6814
50 6742
51 7051
52 6634
53 6776
54 6710
55 6774
56 6710
57 6841
58 6744
59 7058
60 6830
61 7093
62 7197
63 6670
64 2351
65 6302
66 6662
67 6252
68 6877
69 6691
70 6741
71 6711
72 6513
73 6523
74 6811
75 6610
76 6667
77 6817
78 6823
79 6474
80 6788
81 7032
82 6760
83 6775
84 6759
85 7177
86 7032
87 7046
88 7059
89 7098
90 7237
91 7041
92 7180
93 7171
94 7334
95 6953
96 7051
97 6919
98 7142
99 7355
100 7228
101 7541
102 7175
103 7206
104 7105
105 7419
106 6986
107 7522
108 7269
109 6959
110 7075
111 7402
112 7087
113 7307
114 7307
115 7209
116 7070
117 7223
118 7074
119 7126
120 6893
121 6960
122 7100
123 7049
124 7144
125 6873
126 7296
127 6728
128 2306
129 6044
130 6531
131 6587
132 6563
133 6664
134 6771
135 6584
136 6580
137 6765
138 6703
139 6747
140 6907
141 6894
142 6670
143 6753
144 7227
145 7082
146 6947
147 6469
148 6982
149 7134
150 7070
151 6940
152 6758
153 7075
154 6575
155 7139
156 7006
157 7147
158 7065
159 6873
160 7137
161 7096
162 7312
163 7260
164 6832
165 7619
166 7064
167 7136
168 7130
169 7500
170 7183
171 7454
172 7122
173 7945
174 7381
175 7238
176 7260
177 7373
178 7440
179 7534
180 7271
181 7424
182 7205
183 7201
184 7467
185 7142
186 7268
187 7261
188 7406
189 7274
190 7577
191 7218
192 2501
193 564
194 7056
195 7013
196 7178
197 6754
198 6884
199 6861
200 6673
201 6898
202 6983
203 6478
204 6895
205 6896
206 6918
207 6918
208 6637
209 6810
210 6706
211 6825
212 6722
213 6861
214 6901
215 6655
216 7006
217 6573
218 6821
219 6956
220 6600
221 6844
222 6646
223 6443
224 6761
225 6613
226 6718
227 6811
228 6853
229 6727
230 6844
231 6549
232 6915
233 6599
234 6632
235 6662
236 6695
237 6517
238 6599
239 6739
240 6445
241 6600
242 6779
243 6600
244 6908
245 6635
246 6663
247 6666
248 6693
249 6703
250 6703
251 6773
252 6640
253 6727
254 6817
255 6833
256 2679
257 2066
258 6867
259 6805
260 6865
261 6780
262 6703
263 6762
264 6866
265 6752
266 7065
267 7015
268 6744
269 6759
270 7147
271 7073
272 7159
273 6927
274 6974
275 6983
276 7221
277 7137
278 6796
279 6890
280 6953
281 6876
282 7223
283 7265
284 7092
285 6968
286 7241
287 7086
288 7240
289 7051
290 7256
291 7276
292 7143
293 7321
294 7184
295 7143
296 6967
297 7172
298 7430
299 7184
300 7104
301 7455
302 7377
303 7041
304 6934
305 7596
306 7081
307 7294
308 7193
309 7397
310 7124
311 7001
312 6913
313 6858
314 7347
315 7330
316 7135
317 7093
318 7370
319 7190
320 3937
321 4679
322 4990
323 4729
324 4875
325 4805
326 4383
327 4693
328 4730
329 4861
330 4855
331 5058
332 4846
333 4900
334 4889
335 4727
336 4757
337 4823
338 5140
339 4713
340 4844
341 4934
342 5036
343 4776
344 4823
345 4993
346 4611
347 4525
348 4570
349 4364
350 4739
351 4542
352 4488
353 4737
354 4611
355 4572
356 4757
357 4751
358 4729
359 4789
360 4649
361 4964
362 4698
363 4898
364 4664
365 4381
366 4896
367 4626
368 4556
369 4778
370 4633
371 4734
372 4449
373 4649
374 4610
375 4577
376 4399
377 4680
378 4560
379 4643
380 4758
381 4476
382 4725
383 4520
384 3268
385 3686
386 4344
387 4269
388 4393
389 4388
390 4259
391 4492
392 4264
393 4255
394 4498
395 4300
396 4655
397 4743
398 4450
399 4358
400 4725
401 4583
402 4193
403 4563
404 4682
405 4352
406 4487
407 4495
408 4377
409 4562
410 4374
411 4582
412 4769
413 4667
414 4483
415 4324
416 4363
417 4685
418 4313
419 4837
420 4637
421 4505
422 4554
423 4547
424 4606
425 4833
426 4561
427 4674
428 4500
429 4857
430 4804
431 4577
432 4631
433 4685
434 5028
435 4660
436 4677
437 4714
438 4588
439 4510
440 4454
441 4801
442 4710
443 4365
444 4271
445 4515
446 4274
447 4190
448 2975
449 4042
450 3964
451 3896
452 4181
453 4219
454 4449
455 4021
456 4455
457 4168
458 4502
459 4134
460 4419
461 4450
462 4487
463 4495
464 4378
465 4527
466 4962
467 4657
468 4496
469 4402
470 4807
471 4647
472 4220
473 4752
474 4533
475 4531
476 4713
477 4929
478 4630
479 4528
480 4643
481 4704
482 4626
483 4562
484 4754
485 4812
486 4913
487 4586
488 4611
489 4783
490 4368
491 4858
492 4754
493 4727
494 4554
495 4576
496 4499
497 4409
498 4794
499 4511
500 4874
501 4621
502 4741
503 4558
504 4244
505 4525
506 4744
507 4446
508 4483
509 4389
510 4322
511 4357
512 3599
513 3714
514 4403
515 4498
516 4583
517 4609
518 4715
519 4476
520 4522
521 4697
522 4570
523 4646
524 4488
525 4551
526 4664
527 4626
528 4484
529 4499
530 4637
531 4574
532 4681
533 4663
534 4956
535 4574
536 4514
537 4755
538 4780
539 4495
540 4818
541 4834
542 4690
543 4996
544 4559
545 4620
546 4630
547 4410
548 4600
549 4667
550 4412
551 4762
552 4629
553 4734
554 4444
555 4614
556 4532
557 4562
558 4756
559 4493
560 4541
561 4742
562 4615
563 4387
564 4306
565 4667
566 4509
567 4572
568 4775
569 4777
570 4720
571 4796
572 4848
573 4950
574 4489
575 4564
576 2855
577 3427
578 3895
579 3830
580 4116
581 4280
582 3864
583 4161
584 4136
585 3979
586 4050
587 4142
588 3977
589 4081
590 4165
591 4178
592 4134
593 4256
594 4450
595 4097
596 4387
597 3776
598 4350
599 4023
600 4496
601 4185
602 4224
603 4260
604 4173
605 4188
606 4202
607 4175
608 4238
609 4170
610 4198
611 4201
612 4217
613 4221
614 4187
615 4036
616 4240
617 4493
618 4240
619 4422
620 4320
621 4403
622 4502
623 4307
624 4472
625 4301
626 4441
627 4583
628 4627
629 4570
630 4695
631 4183
632 4572
633 4488
634 4466
635 4429
636 4369
637 4558
638 4656
639 4354
640 3961
641 3692
642 3324
643 3274
644 3477
645 3604
646 3658
647 3446
648 3659
649 3335
650 3340
651 3585
652 3578
653 3395
654 3474
655 3714
656 3716
657 3421
658 3492
659 3982
660 3705
661 3742
662 3478
663 3667
664 3596
665 3576
666 3522
667 3878
668 3712
669 3794
670 3529
671 3991
672 3714
673 3728
674 3678
675 3950
676 3764
677 3356
678 3476
679 3607
680 3858
681 3633
682 3566
683 3755
684 3543
685 3665
686 3489
687 3521
688 3684
689 3768
690 3652
691 3481
692 3445
693 3609
694 3385
695 3561
696 3682
697 3427
698 3564
699 3524
700 3384
701 3343
702 3571
703 3603
704 4701
705 4248
706 4088
707 4041
708 3867
709 3958
710 3907
711 4132
712 3708
713 4015
714 3962
715 3916
716 3546
717 3734
718 3753
719 3929
720 3988
721 3834
722 4010
723 3878
724 3803
725 3904
726 3984
727 3612
728 4130
729 3788
730 3677
731 3726
732 4054
733 3781
734 3934
735 4030
736 3703
737 3777
738 3581
739 3604
740 3590
741 3575
742 3897
743 3889
744 3966
745 3426
746 3909
747 4080
748 3786
749 3723
750 3825
751 3745
752 3755
753 3761
754 3986
755 3705
756 3919
757 3755
758 4075
759 3897
760 3679
761 4054
762 3681
763 3866
764 4061
765 3887
766 3837
767 4035
768 5246
769 4809
770 4614
771 4663
772 4877
773 4486
774 4478
775 4623
776 4678
777 4248
778 4466
779 4513
780 4338
781 4395
782 4333
783 4334
784 4214
785 4449
786 4445
787 4368
788 4048
789 4287
790 4225
791 4104
792 3962
793 3838
794 3873
795 3714
796 4025
797 3966
798 4010
799 3954
800 4095
801 3870
802 3888
803 3831
804 3610
805 3802
806 3824
807 3544
808 3634
809 3729
810 3582
811 3698
812 3564
813 3827
814 3835
815 3650
816 3585
817 3474
818 3564
819 3655
820 3335
821 3489
822 3777
823 3731
824 3913
825 3535
826 3734
827 3677
828 3545
829 3673
830 3762
831 3697
832 4806
833 4570
834 4297
835 4320
836 4368
837 4084
838 4258
839 4225
840 4169
841 4178
842 4118
843 4050
844 3993
845 3960
846 3972
847 3933
848 3797
849 3926
850 3799
851 4031
852 4055
853 3903
854 4219
855 4072
856 4087
857 3964
858 4009
859 4140
860 3809
861 4047
862 3748
863 3921
864 4054
865 3920
866 3917
867 3983
868 3986
869 3765
870 4053
871 4090
872 4023
873 3747
874 4019
875 4014
876 4151
877 3834
878 4053
879 3900
880 4192
881 3924
882 3784
883 3921
884 3677
885 3716
886 3959
887 3964
888 3782
889 3674
890 3511
891 3993
892 4084
893 3667
894 3655
895 3860
896 4621
897 4504
898 4450
899 4217
900 4033
901 4349
902 4200
903 4300
904 4097
905 4451
906 4079
907 4136
908 4027
909 4020
910 4173
911 4126
912 4027
913 3954
914 3574
915 4352
916 4050
917 4144
918 3946
919 4018
920 4301
921 4278
922 4150
923 4159
924 4232
925 4259
926 4030
927 4224
928 4370
929 4109
930 4442
931 4206
932 4325
933 4458
934 4294
935 4391
936 4304
937 4340
938 4276
939 4184
940 4241
941 4326
942 4366
943 4285
944 4411
945 4451
946 4172
947 4433
948 4095
949 4301
950 3915
951 4333
952 4157
953 4226
954 4153
955 3947
956 4132
957 4427
958 4399
959 4184
960 4227
961 4045
962 3877
963 3890
964 4016
965 3960
966 3420
967 3622
968 3982
969 3997
970 3576
971 3559
972 3634
973 3852
974 3781
975 3935
976 3459
977 3721
978 3478
979 3779
980 3968
981 3796
982 3637
983 3730
984 3858
985 3906
986 3899
987 3947
988 4082
989 3868
990 4029
991 3701
992 3981
993 3828
994 3823
995 3916
996 3982
997 3916
998 3969
999 3785
1000 3978
1001 4073
1002 4010
1003 3701
1004 4191
1005 3695
1006 3891
1007 4101
1008 4171
1009 3876
1010 4004
1011 3992
1012 3691
1013 3706
1014 3986
1015 4024
1016 3820
1017 3878
1018 3844
1019 4199
1020 4042
1021 3859
1022 3915
1023 4080
